0.06979700000000001
0.080347
0.116305
0.08324700000000002
0.07535
0.091234
0.099099
0.06492500000000001
3.9069719999999997
0.08146300000000001
0.136102
0.12430700000000001
0.103605
0.077835
0.091382
0.064239
0.11894600000000001
0.08265800000000001
0.10216700000000001
0.120367
0.17104000000000003
0.06587
0.08736000000000001
0.090313
0.078038
0.062591
0.083305
0.239153
0.070244
0.14349800000000001
0.306206
0.107572
0.072899
0.153148
0.07928900000000001
0.104982
0.088792
0.070491
0.14231400000000002
0.298198
0.116707
0.10617100000000002
0.083144
0.087936
0.093701
0.09595400000000001
0.073967
0.08908
0.074492
0.085782
0.09385500000000001
0.09026200000000001
0.07455400000000001
0.084009
0.112676
0.086717
0.09976700000000001
0.077592
0.112262
0.114377
0.083651
0.11990000000000002
0.093162
0.068051
0.068915
0.10387
0.155344
0.09822
0.215099
0.09458000000000001
0.105176
0.11734100000000001
0.112263
0.11828000000000001
0.11224800000000001
0.10147400000000001
0.088983
0.082584
0.093162
0.092253
0.095177
0.095556
0.085115
0.10595
0.07571200000000002
0.120408
0.096259
0.103739
0.10641300000000001
0.12862600000000002
0.08549600000000002
0.08956900000000001
0.278185
0.217566
0.090585
0.075951
0.09713100000000001
0.07834400000000001
0.09867000000000001
0.10488900000000001
0.156874
0.071674
0.07252700000000001
0.088301
0.060887000000000004
0.114838
0.11783800000000001
0.09281400000000001
0.090939
0.07231800000000001
0.08400500000000001
0.13156400000000001
0.11202100000000001
0.105995
0.06597100000000002
0.10523500000000001
0.081767
0.086192
0.09327200000000001
0.09151700000000002
0.110414
0.081057
0.092019
0.06556000000000001
0.09431700000000001
0.087435
0.103493
0.083816
0.09138
0.10404200000000001
0.09467
0.081475
0.06969800000000001
0.113612
0.08835100000000001
0.090807
0.066047
0.092508
0.05392
0.084089
0.075353
0.07184900000000001
0.198438
0.063083
0.113322
0.062569
0.09668700000000001
0.134076
0.11341400000000001
0.102929
0.068587
0.08474000000000001
0.058176000000000005
0.072576
0.076021
0.093282
0.069157
0.071115
0.068631
0.096871
0.051870000000000006
0.065867
0.094065
0.07382000000000001
0.08511900000000001
0.057869000000000004
0.07122300000000001
0.06333200000000001
0.087924
0.060114
0.080587
0.092059
0.070466
0.09017800000000001
0.082277
0.091451
0.086052
0.08561200000000001
0.061006000000000005
0.0971
0.08364900000000002
0.108257
0.093239
0.12181900000000001
0.106033
0.09085
0.10311200000000001
0.099927
0.108853
0.11601200000000002
0.12214699999999999
0.178149
0.091129
0.118704
0.09296300000000002
0.085901
0.106426
0.10489100000000001
0.199022
0.145706
0.09038500000000001
0.226451
0.077477
0.099302
0.112499
0.10341700000000001
0.080263
0.14527
0.093441
0.124019
0.134105
0.23296900000000004
0.085635
0.11964500000000002
0.092326
0.1296
0.11046500000000001
0.11274500000000001
0.095236
0.09868700000000001
0.079407
0.07603900000000001
0.175793
0.10325400000000001
0.109562
0.136693
0.109545
0.123487
0.10996600000000001
0.19548800000000002
0.082886
0.10253700000000002
0.10737300000000001
0.18583
0.115333
0.104747
0.06471
0.09563200000000001
0.09374700000000001
0.110377
0.12637400000000001
0.08060400000000001
0.07680600000000001
0.09112
0.09322200000000001
0.155011
0.090042
0.095366
0.067274
0.087741
0.12726600000000002
0.08341
0.075729
0.067333
0.07317100000000001
0.09932900000000001
0.086594
0.091268
0.164112
0.086008
0.6097030000000001
0.10774
0.08014700000000001
0.12020600000000001
0.08199000000000001
0.085818
0.07664800000000001
0.09053800000000001
0.10367500000000002
0.08328
0.103482
0.10073
0.10394700000000001
0.07549000000000002
0.113201
0.09416200000000001
0.13451700000000003
0.08433700000000001
0.09256500000000001
0.10205700000000001
0.099363
0.11947700000000001

