0.009099769
0.023413074000000002
0.007915787
0.008715138
0.008574420000000001
0.019708060000000003
0.014388388
0.006607962
0.020119025000000002
0.006917828
0.011017830000000001
0.019716902
0.005760128000000001
0.005671158
0.013008598000000001
0.024074158000000002
0.0065010250000000006
0.018696395
0.006858871000000001
0.013420786
0.011792623
0.005273077
0.010693971
0.006670847000000001
0.005585871
0.009337272
0.005372494
0.007681940000000001
0.006053183
0.013601929
0.008013065
0.007169696000000001
0.006899082000000001
0.006608328
0.005849176
0.007938484
0.008755460000000001
0.006212956
0.007790965
0.006624977000000001
0.010219947
0.009102657
0.006293336
0.006848516000000001
0.009480653
0.009296341000000001
0.005945884
0.008293491
0.0060096920000000005
0.009032549
0.010679803
0.012819111000000001
0.023669983000000002
0.008921709
0.015410981
0.006953136
0.0076506610000000004
0.009305541
0.010106628000000001
0.010326868000000001
0.017360280000000002
0.017942143
0.030317306000000002
0.007004976
0.005351869
0.0054278880000000005
0.012971974
0.006993867000000001
0.0052197170000000005
0.011854268000000001
0.008520583
0.008189607
0.010967176
0.008645916
0.008076738
0.006658024
0.008004295
0.006309714
0.012912700000000001
0.012923253
0.007158854
0.016050068
0.007084614
0.008675453000000001
0.0084689
0.010787486
0.01086632
0.010473784
0.00648529
0.028219704
0.00920466
0.0066273750000000005
0.027156310000000003
0.005907959
0.007164485000000001
0.006140686
0.018630053
0.010595804
0.005391005
0.005825468
0.0057572330000000005
0.007901363
0.004734467
0.0060562920000000004
0.005896287
0.007977905
0.007888792
0.018719331000000002
0.005806646
0.015794192000000002
0.010049017
0.005854513
0.010764101
0.008599853000000001
0.006171383000000001
0.017470538
0.006769194
0.009365442
0.008991565
0.006963413000000001
0.013766863
0.007399050000000001
0.008244416000000001
0.007131139000000001
0.015616544000000001
0.007608555
0.006540675
0.0055679760000000005
0.0047326270000000005
0.019492803
0.005656873000000001
0.005965183000000001
0.005331876
0.005882259000000001
0.009517636000000001
0.006177516
0.005168160000000001
0.006042240000000001
0.007104582000000001
0.005906506000000001
0.006959086000000001
0.007876288
0.005698502
0.006303602
0.006331478000000001
0.008224760000000001
0.00659936
0.0070794230000000005
0.009880818000000001
0.005354556000000001
0.005625763000000001
0.014856715000000001
0.005270779000000001
0.005877095000000001
0.004925716
0.010676144
0.005868898
0.02125401
0.004726283
0.020421462
0.008598301000000001
0.0044604530000000005
0.020765277000000002
0.004685833
0.004970291
0.005080847
0.005371605000000001
0.004589134
0.006053529
0.004985532
0.011868664000000001
0.008311692
0.007372106000000001
0.006779593
0.005470848
0.007256186
0.007292438
0.010958787000000001
0.010427158
0.007134502
0.0067706780000000005
0.005534894
0.010538316
0.008373892
0.005400425
0.009829866000000001
0.020539892
0.012948916000000001
0.00743403
0.009283666000000001
0.017541087
0.028351392000000003
0.008636443
0.0062021
0.007245049000000001
0.017586265
0.006061366
0.0057601480000000005
0.011582141
0.008681251000000001
0.009201855
0.005720083
0.009499315000000001
0.005803974
0.008345309
0.006564934000000001
0.010790843000000001
0.007851902000000001
0.0065871540000000004
0.008352229000000001
0.016410097000000002
0.012978059
0.013646361000000001
0.010381798000000001
0.008454087
0.01678601
0.0065067020000000005
0.007401550000000001
0.008751080000000001
0.0069228580000000005
0.007106802000000001
0.006372445
0.006960252
0.010268461000000001
0.0067852550000000005
0.013900273000000001
0.006235119000000001
0.017684082
0.005984695
0.010000470000000001
0.005863379
0.0074329190000000005
0.010957135000000002
0.006844567
0.022744375
0.007343698
0.0067047800000000005
0.006169576
0.006998158000000001
0.00683307
0.005530892
0.005853286
0.006204978000000001
0.008226387
0.010642845000000001
0.010124981
0.005652128
0.006106264
0.025902226
0.006054767
0.014536453000000001
0.004876704
0.022651277
0.005314483
0.008798083
0.006597412
0.007030772
0.012962446
0.0072848
0.009180668000000001
0.009284066
0.011631401000000001
0.0067732420000000005
0.011987366000000001
0.009449755
0.016842928
0.009439885
0.00582783
0.016126997
0.023905100000000002
0.0063586400000000005
0.006397938000000001
0.009328996
0.007899163
0.009122128
0.011676200000000001
0.005313326
0.005114673
0.008210008000000001
0.010069868000000001
0.005549427
0.010786786000000001

