0.020571824000000002
0.011761862000000001
0.0225448
0.016165596
0.012923102
0.041122924000000005
0.01327963
0.011336614
0.032711402
0.007668
0.038958944
0.014324884000000001
0.025528028
0.016223152
0.033373110000000004
0.018456442
0.017209178000000002
0.010076438
0.010319680000000001
0.024184696000000002
0.041978428000000005
0.006830236000000001
0.034948902000000004
0.007159866000000001
0.007101752
0.011491042
0.0072098200000000005
0.009960908000000001
0.012408806000000001
0.008711684
0.010845566000000001
0.010658306000000001
0.009669174
0.011785884
0.0072406680000000005
0.016977870000000003
0.012024852
0.009363494
0.01658572
0.009735684000000001
0.011561588000000001
0.014187430000000001
0.01200989
0.012143922000000001
0.019810036
0.013410718
0.009216868000000001
0.011639206000000001
0.012170876
0.012720658000000001
0.01642358
0.011165082000000002
0.01332441
0.012202310000000001
0.01392487
0.011307238
0.015291108000000001
0.012058718000000001
0.026471326000000003
0.060637368000000004
0.033657162000000004
0.037987724
0.01174998
0.011675634
0.03588916
0.01027523
0.04135763
0.014892982
0.008908782
0.014683000000000002
0.013648146000000002
0.011695116
0.009165238000000001
0.012369202000000001
0.019754986000000002
0.013032760000000001
0.016811060000000003
0.024131488000000003
0.016975206
0.010068514
0.022992998
0.031632502
0.019547702
0.017896248
0.016948928000000002
0.032632258000000004
0.020252752000000002
0.016016692000000003
0.014743926000000001
0.012405804000000001
0.009788658
0.024631244
0.016899260000000003
0.016087070000000002
0.028852732000000002
0.012534706000000001
0.026135008
0.038774378000000005
0.007562374
0.014368354000000002
0.012687782000000002
0.011557642
0.008228068
0.014452266
0.01057779
0.010949102
0.011008866
0.011878336000000001
0.009115554000000001
0.00916483
0.025501488000000003
0.028809992000000003
0.04459148
0.032697882000000004
0.014589366000000001
0.050127920000000006
0.010356180000000001
0.010373368
0.012321932
0.010319472000000001
0.0132662
0.008098606000000001
0.009878156
0.008964348
0.015057344
0.00981427
0.035522444
0.007572688
0.038379882000000004
0.011908660000000001
0.014521368000000002
0.009017196
0.007152696
0.01137452
0.011522476
0.011233980000000001
0.015617914000000002
0.011262996
0.008729176
0.006943796
0.00961211
0.009568166000000001
0.024849084
0.015500104
0.008524848
0.013977638
0.023480644000000002
0.03191137
0.015684366
0.010088814
0.009177366000000001
0.01370985
0.010037004
0.04466196
0.017302026
0.010167402
0.00861918
0.010833458
0.011240122
0.030450766
0.007669162
0.011183296
0.011896604000000002
0.009227142
0.008062002
0.0074025900000000006
0.00844423
0.009306370000000001
0.010107194
0.008571770000000001
0.03711838
0.01596425
0.007245314
0.01595978
0.008366772
0.030797400000000003
0.009217944
0.018187702
0.010188778
0.012632168000000001
0.010229460000000001
0.024566070000000002
0.010064552000000001
0.021807396
0.018652672000000002
0.012026328000000001
0.041887086000000004
0.06138380400000001
0.018874210000000002
0.022724884
0.020813400000000003
0.013291162
0.009513248
0.011755154
0.010473414
0.013256156000000002
0.016786676
0.009389888
0.034010412000000004
0.051831842
0.013249936
0.010645120000000001
0.01067711
0.010720414000000001
0.017077764000000002
0.013185132
0.011876874
0.010521102000000001
0.011242750000000001
0.014811866000000002
0.014977116
0.016122578000000002
0.017920222
0.017568752
0.021479284
0.025389176000000003
0.015266974
0.015301954000000001
0.025641854000000002
0.011891688000000001
0.012536742
0.014255654000000001
0.009760000000000001
0.012127216000000001
0.020037870000000003
0.033600194
0.022225560000000002
0.014354370000000002
0.028107064
0.059083498000000005
0.009785112
0.009873386000000001
0.045847966000000004
0.009560456
0.01627019
0.060876994000000004
0.008679526
0.016446322
0.03833803
0.011983372
0.016015292
0.011389092
0.014380878000000001
0.015551278000000002
0.010411568000000001
0.012676364
0.020979402
0.015262758000000001
0.013601224
0.009725912
0.037793774
0.050322298
0.009674814
0.00937134
0.016062704
0.014253614000000001
0.012250766000000001
0.011588810000000001
0.02041884
0.022524334
0.011948902
0.010794764
0.022870066
0.024224178000000002
0.020485998000000002
0.038808294
0.015061692000000002
0.012022898
0.013406596000000002
0.014735084
0.013118206
0.011371102000000001
0.014563610000000001
0.009856386
0.028972340000000003
0.015853698
0.0117522
0.009983
0.028839044
0.01017373
0.013062718000000001
0.015608424000000001

