0.108728
0.132916
0.12062600000000001
0.13370500000000002
0.11497900000000001
0.11127500000000001
0.089868
0.136407
0.086563
0.126944
0.11194500000000002
0.109933
0.10967400000000001
0.128506
0.093521
0.13202300000000003
0.145354
0.11851400000000001
0.110957
0.13681700000000002
0.22384300000000001
0.151431
0.114598
0.12469400000000001
0.138803
0.133279
0.129497
0.12241200000000002
0.15592
0.126847
0.110377
0.17282200000000003
0.136302
0.13794900000000002
0.148568
0.130311
0.14819000000000002
0.23848400000000003
0.14677900000000002
0.16721700000000003
0.139743
0.18496
0.133404
0.140076
0.186892
0.12334600000000001
0.13731
0.15612900000000002
0.15601800000000002
0.17064200000000002
0.170232
0.182351
0.15042400000000003
0.152711
0.152688
0.1384
0.152055
0.14835
0.167703
0.164117
0.149714
0.162466
0.25628
0.222978
0.17617000000000002
0.145703
0.12252500000000001
0.11767400000000001
0.150779
0.14316900000000002
0.21532
0.184004
0.12370300000000002
0.12186300000000001
0.159471
0.11504400000000001
0.147894
0.127087
0.11115100000000001
0.107438
0.28682100000000005
0.126345
0.119326
0.158491
0.18170500000000003
0.15063400000000002
0.17412700000000003
0.127766
0.16172000000000003
0.13356700000000002
0.151587
0.14461400000000002
0.138194
0.11049600000000001
0.12248700000000001
0.113523
0.09189
0.140855
0.106212
0.15346900000000002
0.49183899999999997
0.132958
0.169648
0.351826
0.136976
0.136133
0.106235
0.12550000000000003
0.105935
0.12272700000000002
0.125279
0.095171
0.108951
0.08021299999999999
0.109214
0.17413900000000002
0.168679
0.11147800000000001
0.11768600000000001
0.147539
0.13700600000000002
0.14382
0.11995600000000001
0.10289300000000001
0.10966200000000001
0.124723
0.116952
0.14106600000000002
0.145205
0.133141
0.284109
0.10820400000000001
0.104747
0.10497300000000001
0.125838
0.121002
0.119548
0.12077000000000002
0.087663
0.078463
0.103404
0.075328
0.092355
0.088469
0.20792
0.098389
0.10775300000000002
0.097922
0.09273500000000001
0.126762
0.11379600000000001
0.108586
0.134518
0.158973
0.158748
0.081394
0.12475100000000001
0.091521
0.09684200000000001
0.10611400000000001
0.16140000000000002
0.112961
0.11184200000000001
0.08149800000000001
0.09305500000000001
0.091122
0.11847800000000001
0.11140900000000001
0.121052
0.144465
0.123483
0.15515299999999999
0.118219
0.15049
0.09606300000000001
0.145046
0.10243900000000002
0.092549
0.152404
0.09001100000000001
0.092368
0.102984
0.138681
0.17791
0.18382300000000001
0.11587700000000001
0.148281
0.190617
0.38173300000000004
0.189086
0.16972600000000002
0.16358300000000003
0.11365100000000002
0.127343
0.16447300000000004
0.436694
0.156502
0.118907
0.168312
0.13401300000000002
0.15194400000000002
0.13168000000000002
0.14545200000000003
0.13826500000000003
0.100845
0.11614000000000001
0.174315
0.13869
0.17798300000000003
0.160478
0.147205
0.157282
0.163086
0.184723
0.14003
0.176185
0.143957
0.225029
0.46831000000000006
0.144807
0.15092500000000003
0.10864900000000001
0.143659
0.181178
0.158555
0.14080600000000001
0.12738000000000002
0.15850100000000003
0.08688900000000001
0.297207
0.210574
0.128344
0.127498
0.13703700000000002
0.114793
0.134733
0.110023
0.12785500000000002
0.12913600000000003
0.13869900000000002
0.153183
0.164079
0.215865
0.09916300000000002
0.102374
0.09573100000000001
0.22976300000000002
0.17438000000000003
0.087328
0.117524
0.16025000000000003
0.207634
0.084846
0.11528900000000002
0.29090499999999997
0.150535
0.167271
0.149283
0.15776400000000002
0.156896
0.22813100000000003
0.10890200000000001
0.173995
0.14357
0.162051
0.22304800000000002
0.137335
0.176534
0.130252
0.10158
0.12707300000000002
0.17895000000000003
0.160698
0.113814
0.136696
0.10185100000000001
0.114135
0.143265
0.1179
0.12511999999999998
0.109603
0.149041

