6
7
6
8
7
6
7
6
6
7
6
7
6
7
7
6
7
6
8
7
6
7
6
7
7
7
7
8
7
7
8
7
7
7
6
8
7
8
5
7
9
7
9
8
6
8
7
8
8
7
9
7
8
8
7
6
7
7
7
7
7
9
6
8
7
7
7
7
6
7
6
6
9
6
9
6
8
6
7
6
7
6
7
7
7
8
8
7
9
9
9
10
8
9
7
8
9
7
8
7
7
7
7
9
9
8
9
7
8
7
6
5
7
6
5
7
5
7
8
6
8
8
6
9
6
8
8
7
9
10
9
8
7
7
8
8
7
7
7
8
8
8
9
4
6
4
7
6
7
8
6
8
7
9
6
8
5
5
7
6
6
8
9
6
8
6
7
9
8
8
7
8
8
9
7
7
7
8
6
7
7
8
8
8
8
8
9
7
8
9
9
9
9
8
9
8
9
8
8
9
8
9
8
10
7
8
9
8
9
7
9
10
7
8
9
8
10
7
8
10
9
9
8
9
9
10
9
10
8
9
8
8
7
7
9
8
7
8
7
7
8
7
8
8
8
9
7
8
9
9
8
8
8
8
7
7
8
7
7
7
9
8
7
7
7
8
9
7
8
9
8
8
9
8
9
11
8
10
7
10
8
8

