7
9
9
9
12
9
9
9
8
11
14
9
12
10
10
8
14
12
9
10
7
12
9
14
12
13
12
8
12
13
13
12
9
11
13
14
13
12
15
13
10
15
16
13
15
14
13
18
11
10
14
14
12
13
11
13
13
11
17
13
19
12
9
12
11
10
16
11
14
11
12
13
10
12
12
11
10
7
13
11
16
11
8
13
12
18
12
14
13
14
19
15
10
8
10
11
10
13
14
13
14
12
13
12
10
14
13
13
9
10
10
10
11
11
7
8
15
13
14
15
10
13
14
14
15
9
8
9
11
7
9
11
8
11
10
8
10
12
12
12
7
10
10
9
10
9
10
11
9
9
11
11
13
9
10
11
11
10
10
7
11
11
13
10
11
11
15
13
11
13
13
10
11
9
11
11
9
9
14
11
10
10
11
10
9
11
10
9
14
16
12
15
10
17
12
14
13
12
12
11
13
14
17
13
12
13
14
13
13
15
13
15
12
13
12
16
11
11
12
14
13
12
11
12
11
11
11
13
9
12
14
15
11
15
10
10
14
12
9
11
10
14
11
8
14
12
11
11
8
14
9
11
10
12
12
10
8
12
9
9
13
12
11
12
13
10
10
12
15
8
11
12
11
10
12
10
10
12
11
14
12
12

