0.033678252000000006
0.043844940000000006
0.038615817000000004
0.035258211000000005
0.043586649000000005
0.034802703000000004
0.041259096
0.035460084
0.033565458000000006
0.036247155
0.037131036000000006
0.034554717000000006
0.042072186
0.034306014
0.037305975000000005
0.036090624
0.050809650000000005
0.03700386
0.042273309
0.038461227
0.037977381000000004
0.036053496000000004
0.039834813000000004
0.037856235
0.039552855
0.043393917000000004
0.035765004
0.040714299
0.047107152
0.045460428000000004
0.034724724
0.045044076
0.039848412
0.044013399
0.036900615000000005
0.042534846
0.037934574
0.037140933
0.044799183000000006
0.045245481000000004
0.050958588000000006
0.038043801
0.042273267
0.04103508
0.036809934
0.040663548
0.048019641
0.051102411
0.03856654500000001
0.043743459000000005
0.051678822
0.048930444000000003
0.041451804
0.040526901000000004
0.042892761
0.037502478000000006
0.035985396
0.038506506
0.039506169
0.062628135
0.038217873000000006
0.038016426000000006
0.03646368
0.037571202000000005
0.03953430300000001
0.036789105
0.036408255
0.035811447
0.03856467
0.050018067
0.041902155
0.042081297000000004
0.035764812
0.04494423300000001
0.036235812000000006
0.051775161
0.040838796000000004
0.04693763100000001
0.03622824
0.044304066
0.047435942999999994
0.03541293
0.037114269000000005
0.042538287
0.042450720000000004
0.034490049
0.050465970000000006
0.034516086
0.04198401
0.036490776
0.04380484800000001
0.03677247
0.034510644
0.037710591
0.034366638000000005
0.035434035
0.036494217
0.037406313
0.035286042000000004
0.042096957000000004
0.037828119
0.043354167
0.041533818
0.048012081
0.035765304000000005
0.037299189
0.040261536
0.045552498000000004
0.033958236
0.040391424
0.033022758000000006
0.030166446000000003
0.029910606000000003
0.031235970000000002
0.049931457
0.037146957
0.03745177500000001
0.033510951000000004
0.036516255000000004
0.037202154
0.039151530000000004
0.038146464000000005
0.031174146000000003
0.037649136
0.04248992100000001
0.042474369000000005
0.039954441
0.035448156
0.036727938
0.036697725
0.034449747
0.034883040000000004
0.032198727
0.037416363
0.031850112
0.036539475
0.031953297000000006
0.032518383
0.029040357000000003
0.073169073
0.027351828
0.035343984
0.032661558
0.030577824000000003
0.03181566300000001
0.031000605000000004
0.032007828
0.031548021
0.031791525
0.034514337000000006
0.034770924
0.044270964
0.039540981
0.029284236
0.041775942
0.028326951000000003
0.031132002
0.034305249
0.031970781000000004
0.035213004000000006
0.033431562
0.034429974
0.031511883000000004
0.034819491
0.035346951
0.038785221
0.035212494000000004
0.034137117
0.031173366
0.047505198000000005
0.039268134
0.040176345
0.034353531
0.040058121
0.034266753000000004
0.043946451000000004
0.031750218
0.039156192
0.046113720000000004
0.040918338000000005
0.035966982
0.04341204900000001
0.038456535
0.046703964
0.041871405
0.051028155000000006
0.053641824000000005
0.05927716200000001
0.050843412000000004
0.048009687
0.046022424000000006
0.044240958
0.04481145
0.04902813600000001
0.044222049
0.041474898
0.05309158500000001
0.044839926
0.045448275
0.039598056000000006
0.042413571
0.049247283
0.051455259
0.044745564
0.04344648
0.040432680000000006
0.048932769
0.048557699999999995
0.044977131000000004
0.050674653
0.046651278000000004
0.059916063
0.05110590300000001
0.059482965
0.057271668000000005
0.045709854
0.051996675
0.055694586000000004
0.051482217000000004
0.04700889
0.048351069
0.05786574900000001
0.041051481
0.049136826
0.048696684000000004
0.044333955
0.05564635200000001
0.051282998999999996
0.036108921
0.042159897
0.038940312000000005
0.038648109
0.037984524
0.038919627000000005
0.034886448
0.040546875
0.036985965
0.038254590000000005
0.03785166300000001
0.038793114000000004
0.04086819900000001
0.051431559
0.045420585
0.037285809
0.038380404
0.037844124
0.042024231
0.044379849
0.0422418
0.037411056
0.043018701000000006
0.042507654000000006
0.038369328
0.039247161
0.03587122500000001
0.051489678
0.04703684400000001
0.045575304000000004
0.045346767
0.053235660000000004
0.049192197
0.04257874800000001
0.049614330000000005
0.04349469
0.047976783
0.039757164
0.03938751
0.039101868000000005
0.055226484000000006
0.037850619
0.038047812
0.045642618
0.050339742
0.04110660000000001
0.039511854
0.03879461100000001
0.041005878
0.041285724
0.039372321
0.040600041
0.038375295000000004
0.049113819
0.04194194700000001

